343
859
323
661
72
718
812
37
645
723
824
13
935
578
889
993
227
697
566
352
521
245
946
741
938
78
404
918
955
467
120
45
514
766
414
406
39
1
689
112
821
665
139
343
457
105
447
1
130
330
487
120
185
970
263
799
251
187
170
257
820
166
419
526
71
367
486
855
91
267
897
428
112
655
957
900
699
954
65
613
190
518
137
829
787
67
2
0
2
245
762
258
585
199
838
679
908
95
900
49
765
636
730
219
709
397
286
852
204
148
167
821
158
732
524
38
607
654
604
54
624
146
221
298
153
436
25
56
865
693
382
532
85
156
5
603
517
444
430
942
77
872
857
737
659
988
560
277
948
245
187
954
956
564
420
185
757
375
77
793
119
449
726
352
634
804
451
517
80
123
61
580
678
236
456
289
492
614
453
576
675
280
857
116
478
251
830
463
117
512
768
450
326
732
322
293
252
251
242
553
45
843
451
980
854
819
266
597
330
483
243
472
603
125
164
540
80
501
218
715
47
734
627
402
477
917
628
874
36
97
76
190
772
555
400
791
782
586
504
828
20
778
338
5
877
846
878
649
520
924
722
727
550
89
399
914
973
996
467
353
410
103
560
726
727
987
612
700
125
435
907
343
51
228
211
415
896
435
214
685
966
903
77
785
184
89
738
603
389
738
727
256
749
956
517
111
547
483
320
133
108
957
121
782
551
639
932
445
317
810
140
6
531
439
315
450
302
175
54
202
174
918
127
80
526
808
757
882
746
628
122
480
674
440
780
977
287
597
870
112
124
53
535
93
663
771
836
713
511
946
969
106
183
464
989
56
164
971
535
463
476
621
220
638
328
332
731
343
436
766
530
169
252
707
265
82
985
987
335
608
444
930
789
522
145
8
464
922
416
686
555
166
601
670
108
239
830
10
269
650
349
584
710
566
197
709
641
924
529
951
647
901
756
119
801
545
500
567
304
916
289
352
505
118
320
296
652
187
499
10
140
88
483
341
348
527
249
458
959
461
969
840
665
98
360
898
508
392
791
164
558
247
48
834
521
873
241
330
546
586
375
98
839
130
469
565
907
550
949
514
963
651
78
909
118
437
495
347
328
631
435
904
640
395
517
155
955
29
381
684
784
43
60
436
542
208
580
166
218
561
332
365
846
807
883
423
566
895
354
240
964
486
559
665
799
40
239
35
607
379
932
47
493
207
175
111
409
802
728
530
947
529
524
196
782
897
206
260
169
719
689
979
264
996
396
410
115
134
855
354
494
299
421
649
865
391
835
908
744
47
0
424
357
390
837
350
396
705
815
775
920
359
43
963
828
859
353
640
269
364
956
689
614
748
89
37
459
944
478
538
675
664
589
857
8
816
216
867
528
902
887
469
873
301
216
216
936
353
943
173
235
923
695
775
648
112
279
600
597
957
264
641
938
797
630
916
828
751
21
716
467
817
470
320
222
2
498
995
853
415
390
136
359
972
247
812
261
357
512
204
270
253
914
17
21
870
132
769
577
338
707
792
483
827
787
151
917
886
270
179
57
565
253
433
583
940
813
625
563
340
948
864
230
159
636
163
396
267
510
592
847
531
451
383
530
961
167
330
584
649
103
113
477
210
36
49
149
462
849
37
884
501
618
69
902
740
965
270
216
188
821
642
830
944
524
778
310
374
649
769
373
490
195
67
489
112
885
510
663
209
602
728
998
935
498
153
700
28
158
690
847
952
528
486
246
2
151
656
209
337
842
229
38
810
162
476
454
917
45
659
567
52
808
379
899
92
437
230
945
327
30
704
107
232
736
237
255
560
115
857
826
705
601
710
162
50
949
233
178
858
247
877
596
136
301
293
562
2
691
28
21
676
886
287
562
124
957
549
242
516
225
686
976
223
583
58
697
616
292
627
687
823
552
862
390
573
862
238
411
122
387
978
145
621
589
575
694
540
342
393
261
500
777
374
925
291
156
667
123
652
646
643
451
284
667
853
349
515
70
142
550
492
830
432
363
672
260
633
733
279
684
814
898
113
626
545
688
589
559
472
824
40
796
961
696
600
6
171
545
777
59
630
602
40
499
446
93
78
275
988
361
495
718
638
871
459
653
55
425
757
441
258
944
930
245
651
557
484
321
911
810
752
685
485
337
509
443
693
277
359
569
792
937
458
517
231
430
146
993
153
816
482
89
280
531
444
826
251
154
769
310
249
344
265
597
956
43
836
190
620
229
538
334
198
341
329
328
812
957
517
807
782
453
109
968
946
929
204
858
224
54
940
770
137
947
642
3
914
686
6
603
755
628
305
788
213
596
388
808
602
670
886
46
47
216
566
645
904
82
570
918
427
579
536
680
608
715
483
830
463
683
425
491
402
449
690
400
77
248
731
21
907
80
603
919
283
594
205
865
115
766
408
910
947
424
284
421
237
113
590
566
867
970
85
533
946
734
390
205
190
752
877
134
343
67
221
657
914
361
194
779
850
358
781
225
264
109
191
252
912
203
801
957
551
859
100
586
546
426
373
721
649
84
931
492
68
343
796
517
900
742
820
644
461
296
328
48
786
763
458
835
66
578
390
0
170
951
468
609
211
765
110
260
941
365
885
846
788
451
120
547
290
642
261
428
309
622
586
282
154
32
637
10
674
967
435
26
4
524
775
739
956
55
811
159
19
233
83
821
518
537
24
50
131
947
43
202
601
438
899
696
863
13
864
954
560
928
448
849
30
540
723
519
109
968
650
10
993
473
989
216
355
41
5
587
863
995
583
679
321
218
578
241
410
250
163
555
557
87
983
773
687
477
440
134
846
776
308
964
441
925
187
240
633
305
599
277
855
104
648
514
766
264
673
966
145
272
445
572
344
667
559
967
39
729
336
408
352
47
505
661
563
38
380
436
74
666
846
497
170
812
128
468
543
178
502
639
654
285
207
406
841
723
431
15
383
439
9
804
890
950
857
767
557
778
625
61
406
900
754
646
32
798
261
245
804
463
586
819
449
250
834
632
585
145
360
132
406
662
645
963
269
251
324
504
713
563
634
243
668
776
298
381
130
29
409
883
14
383
717
858
200
808
59
163
655
420
610
951
492
208
546
396
839
783
529
584
87
791
935
517
212
732
264
686
542
923
354
369
947
106
191
597
277
814
741
158
907
868
413
735
186
332
369
792
34
747
137
744
125
544
711
292
934
969
866
496
47
39
160
93
158
328
736
204
440
571
391
578
277
873
272
165
263
506
657
478
830
637
780
511
205
349
500
919
43
56
593
76
346
761
549
552
44
881
887
799
447
137
800
863
246
419
125
785
355
650
76
655
977
319
594
439
863
485
188
855
290
927
669
945
841
313
895
417
15
893
149
60
916
247
721
20
373
858
482
858
94
900
408
699
845
487
683
565
865
682
552
499
739
48
53
880
91
743
624
769
326
92
762
230
694
85
722
770
227
70
288
440
737
608
22
857
810
903
190
259
373
115
256
588
534
250
210
448
585
707
582
327
241
806
702
731
22
587
259
704
455
304
990
844
235
342
174
89
558
926
460
609
474
176
780
570
828
429
341
242
737
150
433
684
641
195
217
619
603
369
371
591
17
406
542
942
772
350
8
157
323
748
109
30
953
705
491
764
621
616
380
877
661
694
499
608
645
484
522
367
301
263
524
534
417
289
631
93
621
401
20
66
184
161
953
659
520
294
646
131
919
141
768
226
397
180
219
274
222
263
571
311
908
317
228
350
472
930
680
450
53
405
289
395
998
788
80
192
50
215
853
270
348
395
680
953
144
129
616
730
882
422
586
506
913
795
188
727
309
207
386
420
733
28
552
430
164
319
849
812
876
956
72
726
3
674
30
745
798
579
371
201
915
215
992
33
195
409
156
992
64
762
645
972
787
380
665
795
626
42
286
31
496
686
919
146
133
34
232
547
951
252
980
15
225
732
252
764
635
87
307
649
258
369
856
794
737
791
836
827
944
843
989
851
565
859
826
587
456
667
439
94
588
314
363
443
722
891
32
361
199
974
635
76
882
870
925
133
799
35
393
966
687
675
223
525
203
76
880
512
542
598
307
379
387
151
23
398
864
678
266
979
857
660
786
54
544
936
258
30
883
642
15
59
966
90
827
640
691
154
522
794
271
913
460
953
959
130
586
664
954
212
627
24
505
723
761
10
860
375
464
476
295
283
39
130
974
472
307
729
4
659
312
177
530
301
25
89
605
66
562
432
841
141
755
1
661
185
680
541
63
986
191
328
802
917
618
541
445
38
205
659
510
73
162
812
287
283
635
851
559
225
280
838
380
249
330
133
311
520
15
122
625
11
287
625
101
882
325
130
197
602
803
548
810
627
407
492
358
977
890
862
676
854
260
355
43
616
464
901
903
414
893
631
96
681
639
272
47
33
555
305
54
278
347
540
663
0
433
952
800
569
430
235
581
649
837
863
78
690
540
112
507
541
27
588
110
900
569
356
424
442
587
187
918
80
589
572
221
554
510
33
748
73
559
105
521
986
701
185
46
751
215
831
893
20
482
923
306
332
435
62
480
93
588
767
7
554
555
300
637
400
799
214
882
643
389
633
672
529
962
250
282
375
345
841
524
651
743
201
404
778
566
294
856
490
543
678
848
75
699
475
917
866
812
920
963
190
999
770
674
86
317
161
739
506
290
791
25
754
117
400
437
100
562
283
887
50
628
960
978
922
287
802
304
192
181
911
293
529
206
725
560
449
814
895
607
456
914
281
715
561
563
136
980
995
222
214
70
171
299
60
548
137
549
312
195
370
657
426
723
774
98
730
825
627
156
836
928
66
48
470
842
288
856
201
922
528
388
366
131
702
203
299
950
127
918
294
920
72
577
506
410
636
731
808
358
306
633
775
518
774
798
774
582
367
429
722
925
57
562
508
192
476
574
940
961
900
865
292
502
490
469
438
828
659
129
471
509
696
419
144
272
390
466
635
504
910
834
539
503
311
593
431
765
771
226
584
827
528
368
409
125
192
141
847
224
219
123
792
792
147
43
785
862
16
397
283
175
13
975
365
712
315
761
184
128
316
168
775
415
915
833
469
902
34
825
764
695
292
978
99
647
532
153
407
808
126
670
438
788
989
876
552
614
228
313
374
419
56
224
464
362
333
477
625
408
553
105
862
111
686
463
975
976
636
517
669
638
254
799
149
997
596
680
627
891
505
75
635
238
686
338
707
622
350
716
285
844
963
684
756
891
273
615
333
309
994
791
97
193
770
638
183
852
579
884
223
998
972
765
84
343
45
341
737
690
135
470
344
640
234
387
167
528
294
445
805
637
821
214
91
929
409
172
101
633
595
873
683
472
516
680
867
960
959
418
426
374
454
394
27
622
548
390
223
832
283
696
46
649
319
147
996
4
971
729
487
474
818
148
688
88
89
548
456
705
771
873
53
563
908
650
46
78
539
989
227
386
681
383
40
656
135
606
795
964
320
69
716
281
338
568
93
6
547
369
42
888
433
362
307
152
930
900
904
454
749
367
820
854
921
723
724
970
597
423
578
128
456
456
653
582
226
876
395
627
506
878
610
751
185
197
980
117
14
9
361
360
780
294
585
909
873
972
130
760
321
85
142
361
907
657
721
831
537
631
34
965
486
549
400
229
715
273
807
747
26
881
970
635
375
192
283
606
403
586
473
192
835
666
162
605
105
409
601
182
473
50
17
279
767
356
979
883
391
608
396
105
660
619
307
976
494
70
241
473
510
524
602
61
347
124
179
583
10
488
229
714
521
5
297
438
301
12
99
39
333
104
532
871
678
601
435
846
80
824
268
655
793
20
780
620
353
540
916
860
182
102
332
436
81
648
1
324
568
965
377
115
573
18
871
430
207
169
979
565
295
470
276
70
382
504
136
287
493
114
499
246
549
499
430
51
537
322
594
896
880
398
149
295
895
726
708
85
671
708
818
150
210
607
584
185
540
913
750
173
392
398
928
932
568
894
532
887
953
189
483
658
918
537
542
850
300
187
284
844
94
266
393
847
649
724
385
309
363
687
29
550
656
295
380
582
597
240
670
40
145
295
949
427
192
36
941
820
698
555
942
99
636
467
96
762
421
197
582
996
243
769
869
387
574
134
903
477
758
762
203
695
609
577
448
794
280
56
290
101
522
796
203
483
217
366
414
231
476
754
416
181
708
73
191
347
651
292
952
672
841
881
444
35
825
555
307
967
356
797
252
54
117
231
458
475
125
292
555
981
519
707
70
41
350
477
475
718
605
334
392
535
400
64
264
637
954
636
30
163
430
891
51
734
809
836
276
100
16
542
288
204
470
792
833
831
593
670
688
21
374
111
958
515
353
742
560
771
906
582
226
141
109
241
936
357
144
938
865
925
306
449
637
484
698
328
168
351
461
540
591
935
109
662
331
299
222
82
252
871
506
271
447
741
64
488
179
300
113
987
304
830
83
16
417
638
785
756
948
481
275
711
432
836
641
610
62
191
822
989
515
833
99
704
117
884
569
8
539
401
691
549
618
239
964
818
165
105
533
636
685
110
257
78
554
725
556
700
576
271
105
871
549
175
939
769
66
728
727
449
105
431
768
777
702
425
163
862
512
557
420
648
762
741
392
507
485
369
349
796
241
700
319
408
116
419
268
938
537
284
474
659
452
547
751
247
93
899
497
429
579
291
680
823
972
886
569
364
82
392
804
882
296
646
312
479
229
477
5
802
640
869
578
758
181
375
960
351
734
21
79
535
742
66
224
83
818
138
970
986
225
882
313
294
390
891
764
702
627
419
589
610
431
581
175
833
915
234
467
136
746
464
923
932
168
570
947
466
605
864
381
748
817
88
324
255
810
461
723
731
907
783
374
195
304
827
929
245
839
301
24
4
353
907
343
876
818
419
195
365
580
512
416
228
251
721
429
342
21
227
765
655
856
264
695
739
592
328
408
90
857
519
599
937
186
878
946
358
139
390
295
292
936
75
757
272
478
886
740
251
590
373
834
370
120
255
568
82
505
114
708
664
664
224
144
112
54
682
11
339
372
491
719
111
665
624
219
930
939
381
513
566
494
324
706
972
299
75
761
650
195
763
62
70
749
144
292
752
636
702
580
587
548
352
995
341
6
471
146
288
170
937
757
455
420
655
526
292
787
436
490
753
150
395
228
614
855
8
657
971
20
866
60
766
420
303
795
319
768
80
786
402
122
207
462
205
857
415
964
667
533
50
651
824
801
440
336
334
519
935
304
767
704
414
459
884
67
599
7
573
470
620
147
834
611
545
765
530
5
498
294
937
443
486
660
415
452
180
880
543
764
205
514
494
54
595
617
613
826
192
271
911
969
874
373
343
711
462
555
652
703
346
922
446
517
543
78
894
584
367
886
521
407
331
13
854
846
40
902
664
289
963
140
565
832
171
208
496
211
398
702
524
664
942
786
970
475
181
983
821
317
367
744
52
56
448
515
439
801
390
122
950
839
951
148
887
732
382
156
62
234
490
760
145
543
351
189
93
596
289
368
339
874
94
912
423
806
156
178
195
207
828
309
423
885
893
48
44
516
691
393
313
153
33
960
405
869
644
498
598
184
682
978
178
192
4
213
123
81
984
380
720
295
618
936
3
90
451
809
861
137
826
391
256
371
19
821
310
41
509
683
542
264
105
3
488
310
863
302
449
259
619
944
664
706
568
465
345
911
451
77
50
259
364
687
405
310
368
241
222
404
411
311
949
956
764
317
5
213
985
133
126
273
213
678
865
719
31
33
843
59
413
486
371
417
120
951
6
186
929
171
619
174
589
478
115
99
493
542
587
220
993
25
157
854
78
70
212
487
206
537
159
807
551
883
543
252
758
921
276
936
709
171
637
742
131
952
767
326
587
520
977
364
824
898
509
984
919
360
784
105
533
239
926
147
243
563
568
115
719
395
471
824
181
857
230
837
901
29
443
60
271
234
502
781
189
968
421
903
439
700
943
6
69
773
279
398
792
40
100
231
290
775
815
369
976
221
236
666
612
837
413
214
696
723
379
14
416
51
870
412
735
994
239
102
645
66
860
601
431
273
684
231
999
827
500
348
422
543
385
542
215
872
382
259
174
405
712
784
305
99
568
31
830
594
809
640
869
877
740
355
87
974
680
620
759
849
757
96
471
247
451
416
511
694
862
388
482
215
653
682
41
57
195
375
676
532
909
508
965
336
566
517
848
999
872
846
721
40
19
438
844
277
171
649
842
464
564
889
787
769
313
941
47
771
239
12
921
360
147
75
398
866
187
734
266
724
859
692
117
360
758
222
884
722
96
777
866
172
242
769
489
899
86
200
363
922
83
72
374
542
787
509
16
259
419
911
518
973
130
886
723
904
110
855
96
956
132
439
783
875
78
61
844
653
786
508
270
255
456
704
306
295
444
690
137
907
349
743
11
18
61
566
164
370
555
1
214
268
837
451
103
998
529
356
109
295
582
321
127
344
518
87
613
745
319
600
699
962
339
415
546
579
380
737
535
981
468
814
136
163
124
38
652
27
323
503
931
538
762
198
142
135
165
651
424
774
268
938
877
16
179
439
618
128
399
50
317
330
34
771
686
591
489
528
30
820
620
837
654
308
965
411
764
634
565
388
26
940
499
734
0
653
934
278
187
818
854
559
997
375
637
75
846
26
620
192
147
760
851
23
783
518
953
569
288
915
621
243
635
789
108
196
98
361
404
493
69
247
64
264
143
605
701
19
66
314
252
943
765
134
722
980
517
225
372
456
554
185
975
24
396
80
6
942
53
924
661
131
313
537
702
734
867
108
82
86
953
593
779
797
652
760
367
885
217
539
455
31
411
948
1
490
380
252
531
689
593
495
209
497
126
182
864
481
826
108
676
850
812
678
175
249
886
821
963
938
705
950
858
591
858
76
348
962
587
499
369
104
149
752
591
686
180
736
694
192
755
358
114
143
570
65
73
363
629
333
654
898
967
696
285
144
599
736
95
15
714
924
24
488
305
48
320
355
772
125
759
124
166
208
997
519
923
2
457
148
48
376
87
246
914
235
95
801
722
466
132
786
383
383
962
556
653
496
180
112
429
799
213
12
652
612
429
391
192
185
894
252
928
166
648
789
387
702
769
82
324
865
313
363
381
412
926
354
330
574
923
892
303
885
326
465
348
584
250
129
855
294
378
962
291
447
455
56
921
753
140
684
44
902
463
929
185
299
83
178
550
596
36
887
546
727
259
194
702
510
571
893
395
921
483
743
780
99
133
903
444
419
158
175
139
607
678
156
437
12
186
125
844
473
513
547
167
116
524
624
939
837
474
635
913
642
906
162
40
530
42
905
117
254
895
762
871
77
790
741
240
735
643
771
513
181
848
877
405
366
985
283
362
845
773
329
443
17
695
196
33
285
45
198
722
25
545
62
51
544
367
172
90
101
678
27
943
295
738
144
661
164
161
642
587
413
789
442
248
54
321
765
566
738
744
943
278
180
418
867
564
537
480
424
948
724
402
982
293
225
687
866
262
718
157
509
774
255
578
228
448
674
306
892
687
330
705
556
958
383
411
840
612
182
170
34
165
669
585
899
804
442
399
587
232
685
197
406
628
146
699
736
164
851
824
9
293
102
769
708
332
283
612
517
170
441
749
25
326
985
41
379
259
786
545
180
755
935
393
954
932
998
682
269
139
171
172
958
823
156
512
400
967
206
389
147
62
872
729
750
637
630
11
734
986
929
607
237
944
253
209
956
247
251
325
155
349
272
230
216
261
966
246
351
823
465
534
82
353
869
430
281
4
318
319
379
161
375
495
605
606
711
229
82
444
481
397
516
627
940
534
138
672
67
786
74
253
821
422
313
953
118
603
249
563
975
909
370
969
693
394
229
477
294
156
180
475
793
938
190
572
941
972
785
895
362
686
641
376
16
87
777
857
213
506
7
536
211
380
476
673
585
223
4
222
968
47
971
68
961
188
345
408
261
783
328
82
285
696
843
400
707
143
513
294
273
433
2
149
849
149
801
314
516
408
155
664
383
846
351
264
754
658
174
288
563
96
341
465
403
913
496
534
71
94
738
346
786
345
171
785
465
520
624
10
855
339
393
91
169
849
87
646
77
598
357
827
31
159
40
53
348
561
746
377
195
30
307
636
72
9
937
989
778
685
866
963
800
681
455
952
408
239
356
646
432
990
365
33
761
804
283
165
352
439
454
225
918
694
949
333
515
163
821
768
262
652
87
845
80
298
869
854
931
786
509
705
621
91
694
378
833
286
635
434
711
781
47
535
762
181
104
452
635
509
294
522
372
84
789
478
560
326
418
869
481
912
3
574
810
588
98
727
775
911
466
267
321
625
666
458
462
708
547
249
712
793
157
883
708
535
47
160
703
405
678
230
20
626
701
85
465
211
886
407
563
637
624
920
678
676
554
74
970
843
231
828
930
957
466
108
391
603
411
571
500
910
250
864
259
56
644
615
953
422
629
675
925
81
61
193
342
446
901
392
222
42
747
838
537
217
300
148
987
81
538
861
313
419
990
627
54
986
512
547
401
422
149
178
269
371
903
663
706
414
995
346
66
112
96
238
614
759
228
652
745
809
491
800
869
778
10
767
549
15
88
417
75
147
294
796
219
131
153
217
760
798
78
571
334
983
917
764
303
37
913
194
665
818
975
931
656
875
748
533
264
632
868
466
302
37
241
33
848
728
217
591
97
316
715
856
610
469
27
1
117
709
972
280
428
422
101
879
834
496
135
28
775
213
222
548
10
500
350
626
746
491
680
530
606
657
732
155
854
971
577
308
169
469
580
574
464
891
390
275
323
0
121
821
34
718
387
66
191
983
844
470
883
565
461
857
541
781
441
651
82
777
433
589
97
981
706
666
351
546
233
367
179
946
683
174
514
763
318
961
205
136
900
853
745
980
961
172
992
384
250
920
686
526
560
597
679
879
270
382
183
595
431
411
290
631
820
746
365
12
533
723
476
341
253
832
502
888
147
388
878
129
518
467
811
516
872
91
522
602
55
402
738
365
728
208
72
623
92
422
956
320
264
687
260
23
664
782
304
795
932
32
182
722
165
259
583
89
385
679
297
485
565
404
774
74
435
941
381
226
13
948
104
128
616
429
414
573
148
615
521
323
635
336
258
297
904
424
276
782
522
978
510
209
561
694
501
752
809
498
298
711
421
67
375
996
333
910
856
585
514
331
432
985
681
917
289
31
399
483
448
947
884
451
32
886
131
39
574
856
513
384
341
624
412
915
19
604
102
561
643
457
826
931
605
109
438
398
291
67
177
955
573
824
943
570
799
132
850
136
633
426
84
646
23
707
107
557
499
983
948
430
360
558
939
39
984
215
913
483
344
55
487
984
569
4
346
655
579
298
319
304
766
854
233
645
761
513
417
519
726
55
838
110
189
456
965
509
33
639
450
188
896
609
832
179
878
736
77
339
508
241
698
399
45
187
777
515
266
26
975
956
598
90
613
968
684
295
42
591
896
68
411
538
691
155
45
307
619
85
833
493
250
322
98
598
454
595
244
474
849
501
509
17
458
249
520
684
460
651
327
460
469
383
185
172
377
11
213
64
824
769
950
606
605
867
727
75
729
292
497
513
424
164
698
712
866
44
216
787
196
603
543
524
328
744
879
739
362
73
145
843
581
92
635
709
438
940
515
168
54
455
344
241
734
277
319
280
598
339
997
44
942
968
128
280
497
967
3
965
191
671
513
194
354
248
273
610
211
879
715
373
61
75
467
737
818
537
99
122
110
653
566
71
577
834
314
759
216
756
405
124
470
172
940
368
127
315
352
965
221
754
537
417
135
266
951
465
854
680
95
565
378
323
731
797
813
489
126
82
478
166
414
800
408
143
843
538
564
190
70
671
829
839
285
884
338
490
527
130
81
410
851
633
522
109
14
156
426
725
844
367
953
839
694
351
278
193
429
810
545
425
966
7
761
212
751
358
183
637
97
282
571
934
470
510
182
355
804
935
328
373
3
592
994
69
316
755
950
130
163
215
398
924
286
261
811
154
982
48
167
641
669
252
996
429
776
309
910
525
368
691
959
698
468
733
242
505
529
228
898
266
300
945
203
479
615
34
601
448
586
625
1
862
196
445
860
343
923
605
11
435
912
66
127
468
822
924
712
683
452
832
657
648
585
425
721
697
712
469
125
616
428
689
76
478
734
815
500
860
316
598
699
556
516
11
472
723
210
695
939
490
614
177
594
597
321
934
926
380
514
22
438
912
396
769
770
88
282
857
82
900
622
721
712
945
901
718
234
471
495
806
141
399
718
879
447
402
301
520
244
374
292
229
428
865
401
783
442
107
944
379
607
119
526
797
464
314
963
764
950
455
638
175
285
307
805
704
15
85
645
320
81
415
31
403
814
203
612
886
595
608
770
502
676
908
511
114
53
423
237
732
290
693
319
116
483
460
859
126
162
174
424
701
295
665
586
168
918
462
524
387
255
247
678
657
719
700
79
353
861
223
132
286
224
399
9
940
134
922
503
0
120
935
807
727
957
795
686
690
891
73
586
528
661
567
460
284
770
591
758
425
650
484
999
867
318
62
204
584
16
951
2
423
721
902
913
855
586
436
3
219
485
46
805
476
197
466
621
440
387
253
565
98
467
628
295
994
974
906
426
679
192
385
795
105
325
44
959
468
456
269
80
546
748
587
982
328
535
494
0
956
804
790
76
373
504
896
651
731
958
658
216
553
407
418
427
1
428
138
113
414
982
166
870
239
97
177
405
107
259
20
383
208
779
809
890
177
704
720
340
455
568
16
377
694
619
128
617
908
358
389
638
933
100
47
196
483
778
496
921
533
170
300
191
653
906
191
632
366
461
812
274
317
235
178
267
519
701
716
494
708
508
816
750
730
426
719
827
933
872
495
99
254
50
710
722
522
144
16
645
188
382
75
540
85
687
81
966
907
581
733
57
752
868
97
994
668
792
880
170
630
292
632
66
79
900
746
680
359
285
636
138
892
291
230
330
0
788
933
651
362
332
85
715
8
263
722
402
540
246
576
970
388
548
561
743
743
632
23
712
556
185
139
503
813
693
885
782
685
930
373
682
853
472
98
52
757
350
377
565
65
52
976
218
801
217
211
537
678
911
510
35
746
532
348
227
824
842
536
669
772
641
619
282
43
42
149
987
286
383
791
796
427
922
600
476
309
244
14
881
13
847
295
577
408
150
825
286
883
443
495
874
205
745
781
628
988
763
806
921
963
684
123
734
434
553
855
477
894
868
601
999
267
770
354
137
567
391
400
681
416
648
498
219
9
666
548
223
441
801
917
53
237
172
575
276
359
551
503
367
550
696
646
370
656
223
247
923
790
207
106
668
543
58
864
936
447
196
40
292
81
310
289
600
331
366
313
574
401
45
190
930
652
402
19
34
93
965
421
785
189
686
247
830
542
791
266
594
935
423
417
386
516
889
12
810
245
852
10
803
688
844
149
589
817
257
633
521
881
670
214
744
724
909
862
472
391
113
32
241
594
268
38
778
51
354
596
410
595
277
306
699
509
202
268
945
740
365
832
612
556
761
776
162
132
394
728
690
226
270
842
492
927
17
536
68
917
968
906
0
774
193
881
488
383
129
787
702
429
430
232
190
278
646
916
111
692
655
358
371
109
264
727
444
447
23
280
575
970
213
926
821
949
680
615
415
686
544
297
275
437
452
720
317
904
413
793
535
532
106
534
891
570
238
609
760
744
239
371
180
834
320
759
753
673
186
123
291
27
886
511
648
626
567
386
153
521
830
689
17
21
229
8
419
761
87
758
49
188
448
652
786
758
665
95
619
201
455
62
874
941
973
30
750
639
207
820
579
306
953
2
317
142
566
270
915
64
157
335
94
226
729
466
554
917
376
44
348
173
599
56
788
356
676
804
685
729
404
119
35
202
982
253
68
887
31
78
594
793
7
84
248
619
68
660
899
952
30
767
275
237
330
929
610
432
11
905
660
394
790
115
984
777
101
82
310
329
367
394
929
883
413
405
575
902
512
283
566
894
417
384
377
122
657
81
708
722
746
759
292
209
61
839
378
527
710
713
722
618
614
216
415
735
599
281
778
923
405
423
786
471
546
526
342
99
954
575
9
705
329
444
604
62
514
901
731
181
425
25
161
149
715
745
877
979
5
585
433
611
458
368
48
107
873
19
889
752
430
749
161
326
424
393
493
386
275
339
808
90
311
252
354
159
376
684
858
570
519
309
294
901
985
446
400
387
71
37
754
210
590
209
606
920
911
854
567
692
306
466
172
302
878
512
438
202
204
11
928
993
781
29
750
345
361
184
145
54
26
341
10
680
72
764
341
519
655
267
233
500
165
794
101
330
392
510
421
837
871
132
444
594
112
209
68
503
562
616
380
84
844
115
369
378
350
725
89
83
198
656
148
179
478
106
971
541
27
70
22
241
346
264
560
180
510
969
222
248
861
44
688
614
307
359
719
601
191
910
360
269
69
164
71
872
700
460
879
71
713
904
529
364
963
591
148
255
264
476
756
531
432
205
446
403
953
193
354
492
730
869
690
892
709
521
635
35
422
574
481
913
825
843
711
937
427
265
639
180
807
323
695
313
212
874
53
979
997
160
677
667
937
123
408
928
844
645
415
205
766
745
920
522
186
304
672
533
738
941
490
82
321
918
631
400
809
565
702
495
639
85
30
591
379
464
98
586
348
504
860
692
451
469
133
50
838
359
923
506
729
549
180
481
672
325
867
378
592
524
73
797
758
752
629
807
920
188
367
465
75
724
825
355
333
978
847
274
804
664
153
287
830
215
446
58
707
727
580
911
527
968
637
664
756
993
99
867
24
791
848
861
867
512
807
895
260
8
47
968
788
531
689
852
307
340
816
956
721
894
353
205
720
153
891
797
408
528
472
403
291
808
196
231
243
731
478
26
752
30
205
767
710
87
500
490
22
60
73
479
228
480
643
782
801
535
122
830
778
196
883
592
81
208
324
726
938
598
381
307
625
789
120
68
474
118
194
496
137
478
26
860
187
30
81
170
772
841
339
322
842
958
181
921
890
999
703
426
674
913
701
307
295
229
616
593
664
526
786
550
714
972
42
25
310
904
940
279
464
537
109
298
561
894
85
423
278
693
62
339
850
668
797
440
242
30
470
597
848
800
701
804
347
652
442
65
453
350
900
263
772
285
793
636
109
436
420
208
638
234
153
170
82
134
902
668
315
679
90
960
43
84
2
795
227
135
409
761
760
39
280
353
962
326
238
218
343
904
490
934
496
605
983
246
738
777
423
727
656
98
299
491
479
105
394
299
378
237
80
827
519
156
272
94
593
564
85
84
871
201
934
265
142
527
353
664
330
875
641
431
779
477
18
925
373
713
988
938
192
46
382
902
770
845
782
573
129
174
998
664
982
657
569
247
230
457
86
607
122
597
243
142
26
209
654
231
86
410
305
114
357
385
36
786
1
66
47
422
26
606
128
392
178
878
618
938
786
816
799
259
595
463
94
68
575
494
176
463
32
517
736
538
393
351
18
976
148
899
486
585
412
738
956
556
949
201
641
938
128
839
827
196
675
416
394
887
664
964
272
447
237
10
82
234
724
473
327
431
132
80
153
87
711
723
217
442
693
473
448
693
178
421
67
923
739
682
822
897
671
522
957
399
779
216
319
539
766
85
988
200
87
928
512
727
412
217
136
196
332
968
413
661
686
497
438
407
148
907
859
706
499
577
968
461
116
817
526
332
840
955
816
865
62
116
436
850
137
612
265
194
465
76
320
377
238
740
118
8
476
92
232
160
187
737
600
939
759
147
728
270
560
125
116
636
858
972
669
414
575
35
642
738
139
542
666
690
785
558
840
783
213
357
6
493
73
650
174
600
828
359
52
391
679
137
519
881
258
408
130
853
479
120
334
294
156
230
515
991
807
863
62
483
133
942
421
944
860
932
33
141
962
261
571
441
710
504
610
198
189
991
844
447
735
697
195
253
227
356
874
216
920
767
568
252
158
438
588
298
316
167
242
185
19
13
460
548
835
10
533
581
101
875
778
554
761
639
338
936
48
24
391
382
36
421
629
699
191
95
27
186
809
746
728
748
302
662
72
846
0
871
991
717
121
562
541
776
339
554
898
894
299
689
356
279
971
714
542
823
352
207
435
16
539
726
372
78
563
842
631
553
283
879
641
223
592
749
380
329
855
17
804
767
340
464
462
13
533
502
627
856
976
263
380
740
771
971
614
816
539
71
72
197
62
489
466
642
76
644
184
435
987
877
7
963
979
509
48
768
435
145
763
654
81
334
69
391
135
545
149
297
644
222
131
312
616
966
706
446
580
183
17
936
785
951
180
515
545
408
856
503
451
275
550
306
202
78
655
312
96
16
698
786
279
822
794
52
217
775
859
268
864
813
46
143
360
557
859
150
508
865
38
490
958
187
917
291
19
341
857
623
182
455
4
241
828
217
378
344
808
113
211
970
600
943
615
217
192
751
763
524
325
399
851
313
397
522
744
786
964
20
876
757
290
439
836
16
820
637
614
893
863
455
842
43
677
261
246
165
825
95
940
222
205
188
495
869
38
584
6
894
918
667
784
689
610
976
521
927
301
436
636
250
453
8
553
436
733
647
792
699
867
116
463
291
266
758
41
61
523
949
400
879
975
186
524
243
704
882
340
948
769
852
988
743
18
715
472
31
321
565
824
683
62
845
892
404
78
294
738
177
554
929
949
469
448
601
217
20
194
173
669
753
166
941
87
548
527
257
982
867
745
599
12
990
682
587
578
927
727
28
473
978
669
340
398
553
330
55
622
163
74
368
835
174
654
185
525
82
850
818
956
680
990
684
436
35
903
846
898
694
983
615
239
839
235
733
283
714
131
46
139
128
631
261
494
969
607
879
765
376
388
318
593
367
254
645
585
83
430
397
20
160
293
296
739
912
755
629
931
160
740
724
346
452
521
842
559
132
619
974
679
239
909
644
582
287
723
426
355
636
565
218
367
782
624
200
550
893
495
588
159
868
102
826
921
678
464
376
734
742
961
775
317
253
246
494
170
192
259
323
745
584
213
323
851
871
626
573
888
327
622
370
342
669
304
207
256
198
779
326
442
648
889
938
596
388
829
994
558
531
712
751
700
287
879
465
481
971
394
247
376
765
832
6
344
859
649
845
80
412
620
966
436
321
643
774
311
316
692
777
810
215
377
16
803
487
593
596
985
787
8
480
279
608
189
730
359
663
963
834
529
105
971
998
724
929
143
181
196
91
929
979
941
12
765
4
279
170
293
708
650
181
996
574
268
495
589
580
529
232
445
391
682
764
646
631
337
337
757
173
395
547
470
239
527
690
606
492
991
168
442
761
485
251
102
259
424
450
528
29
558
646
815
852
491
262
62
345
563
335
605
887
389
827
74
399
402
642
307
608
980
855
639
218
825
717
286
613
698
737
567
821
711
377
473
905
14
245
467
356
484
341
255
347
602
620
636
569
955
492
796
368
390
385
782
280
495
762
957
301
451
469
96
436
436
666
570
357
785
908
941
80
201
771
955
929
97
157
350
366
533
254
913
139
308
757
134
115
111
498
505
410
450
533
876
89
44
840
173
906
676
752
629
740
844
200
938
361
115
750
471
142
574
874
482
178
462
748
255
931
80
429
3
846
872
129
196
501
567
228
95
598
504
363
809
225
797
364
650
258
463
256
623
448
238
759
7
325
686
445
841
904
530
60
508
399
997
538
246
360
831
13
65
834
420
332
827
231
236
927
757
357
198
842
262
878
14
477
744
308
521
480
884
713
150
750
522
750
816
815
516
394
681
147
331
902
289
331
321
190
360
786
369
978
944
220
444
990
342
757
398
207
386
333
744
239
652
91
999
163
658
328
92
763
224
206
285
209
847
345
837
966
625
692
816
97
268
414
521
617
525
22
351
758
567
725
77
635
3
836
409
22
794
990
128
434
354
927
608
285
469
900
445
998
280
629
872
42
146
993
981
559
52
393
508
512
528
223
907
90
964
896
370
598
369
24
143
41
991
45
122
240
940
839
587
392
829
974
531
260
891
604
841
352
738
916
918
678
142
708
322
695
319
647
249
285
934
502
720
22
80
152
405
75
219
543
534
826
567
333
768
553
527
903
251
268
656
33
147
48
153
834
779
345
107
626
93
57
450
201
277
786
53
73
479
678
603
710
390
877
47
709
238
607
949
395
428
618
133
880
445
70
480
571
28
671
392
64
936
547
749
816
597
245
669
23
818
521
332
347
91
696
612
259
583
463
462
127
189
915
826
823
275
543
916
199
959
274
31
585
257
203
838
515
528
510
177
450
876
963
285
239
173
637
631
377
890
280
10
691
644
407
878
320
548
853
428
540
986
26
136
813
752
664
366
314
982
503
616
659
559
486
750
17
236
786
191
78
695
876
176
992
43
614
923
594
930
38
89
732
895
999
610
461
101
852
388
6
239
574
283
952
218
152
888
89
480
272
245
379
286
345
952
245
696
792
918
726
228
491
914
223
300
72
846
8
128
645
297
462
411
116
497
28
957
682
267
407
937
887
697
151
631
744
507
442
517
164
849
27
538
492
560
771
419
791
563
559
713
436
500
331
675
721
139
508
24
379
630
4
471
999
242
498
915
177
345
192
713
227
420
969
100
673
555
146
763
738
970
144
880
345
438
107
573
484
809
714
723
973
826
455
315
640
369
916
536
172
681
574
860
445
663
952
906
249
602
963
980
2
531
261
102
772
263
296
714
543
898
893
966
470
878
648
227
417
821
598
575
73
836
284
366
554
864
305
164
629
45
151
782
871
269
566
369
540
766
482
307
696
359
686
953
839
219
248
104
603
135
199
633
111
305
563
238
490
570
51
994
501
870
645
177
904
464
410
354
290
611
791
622
552
95
499
564
96
153
534
907
511
566
231
220
407
225
425
550
460
115
607
268
745
466
997
845
399
422
537
946
318
175
433
533
151
875
63
359
145
391
26
426
418
467
439
833
665
603
968
206
178
627
620
842
825
868
232
458
618
236
155
711
40
402
392
510
341
650
103
186
778
286
93
55
111
678
262
417
245
160
600
708
322
956
898
949
557
282
524
360
634
493
633
739
456
179
962
323
169
701
277
806
370
365
110
17
876
294
764
899
555
184
272
393
309
507
641
875
412
788
291
655
415
334
801
29
222
35
985
643
189
332
400
657
955
28
69
599
971
203
474
886
962
674
712
197
58
483
514
53
447
339
29
583
273
394
118
564
809
906
380
133
919
334
216
469
379
853
971
227
154
855
79
204
115
271
264
120
995
801
876
900
838
599
241
217
415
863
269
778
882
599
612
131
920
291
398
112
147
518
127
852
922
647
731
428
854
718
281
995
510
944
479
815
417
335
583
691
627
421
336
318
153
866
456
268
720
580
313
212
882
647
929
794
275
542
742
278
67
704
658
20
269
414
540
877
63
491
647
742
891
309
862
48
222
796
464
8
46
65
489
72
562
969
777
973
180
290
353
994
66
788
907
693
902
971
434
384
850
117
946
171
160
255
784
48
809
421
269
415
204
169
919
979
513
156
456
605
646
131
195
496
747
707
781
876
545
936
465
847
664
971
695
913
193
778
733
846
289
180
813
617
928
805
753
439
952
519
453
274
114
866
669
920
125
837
111
499
304
581
97
225
282
149
726
431
184
423
805
186
319
618
818
878
227
445
538
635
983
474
873
628
62
15
30
618
105
657
809
857
553
273
795
232
832
924
415
327
827
989
720
28
515
454
316
991
309
48
47
735
526
383
899
684
938
425
998
390
943
360
796
541
174
869
878
491
98
744
683
496
860
605
663
12
541
817
186
882
421
134
218
123
156
11
187
984
696
200
453
20
15
9
71
745
245
16
131
610
911
392
530
201
217
583
209
299
485
939
780
8
549
712
682
631
35
465
9
977
254
702
204
741
48
308
946
28
351
851
265
645
528
364
194
4
802
98
935
959
482
763
602
962
875
814
464
307
513
559
182
408
806
80
522
999
428
371
277
710
347
838
152
637
325
261
301
832
561
278
271
281
94
337
629
398
624
799
50
879
455
981
833
851
278
513
71
923
353
716
465
783
291
160
128
840
262
859
482
213
172
813
883
306
999
119
916
574
756
980
858
363
149
60
866
252
334
431
444
394
680
967
989
535
277
561
922
655
419
574
682
971
285
180
827
216
694
202
367
808
431
228
464
920
770
300
266
617
608
290
464
738
617
461
106
318
834
274
725
538
764
693
923
531
50
582
853
717
330
861
127
22
848
440
371
924
80
308
792
20
539
107
579
501
723
406
151
852
298
91
121
90
384
448
239
915
124
9
411
424
181
237
187
735
177
768
547
736
189
405
820
668
998
386
934
674
984
881
4
458
437
827
927
893
952
944
742
212
130
781
340
240
637
885
83
762
88
923
352
165
634
14
198
833
594
654
600
696
198
143
89
982
58
787
582
981
796
693
623
878
198
403
713
679
907
763
127
57
990
106
843
1
999
200
391
82
743
0
345
761
518
855
911
177
171
67
990
368
828
78
850
434
726
474
457
540
623
703
248
99
26
540
3
950
292
435
407
889
61
463
98
740
520
554
749
324
822
554
216
520
615
659
167
462
779
84
268
303
769
715
613
272
614
9
512
235
104
134
28
21
363
948
481
721
596
183
963
69
260
624
787
348
543
406
703
916
765
342
699
664
449
444
471
488
368
251
210
991
685
281
888
846
811
543
281
8
561
95
458
894
237
214
855
515
650
925
57
346
756
154
996
767
350
180
149
259
410
864
98
340
329
341
858
796
691
431
975
889
513
514
681
109
776
748
573
599
97
928
677
602
96
680
642
508
585
619
751
465
130
400
640
617
757
114
962
904
636
284
973
796
506
375
392
628
335
209
948
159
628
840
323
131
864
104
970
463
82
329
693
51
121
972
994
606
808
807
929
568
709
799
610
681
413
414
432
658
176
302
220
203
875
188
532
212
645
400
550
656
657
589
936
255
246
948
178
307
908
573
102
949
480
696
382
945
993
616
647
543
764
826
789
491
589
446
920
495
991
803
341
96
14
15
519
990
107
719
975
168
599
667
370
880
252
718
250
434
592
533
736
923
299
302
984
695
643
187
877
691
726
799
767
5
673
632
490
161
38
237
794
621
82
754
163
719
600
170
101
749
440
429
168
38
21
42
828
471
30
397
877
808
642
205
413
288
577
408
514
342
112
408
969
314
141
906
459
195
301
307
448
867
427
670
729
496
369
613
506
155
555
236
703
758
34
556
790
834
255
646
30
871
905
229
302
576
680
66
82
333
171
714
801
818
487
35
514
433
520
143
128
372
221
968
148
517
703
948
106
745
355
827
22
986
497
191
753
949
955
122
862
524
457
999
66
780
212
474
164
353
691
481
505
120
611
799
618
357
649
967
498
575
413
606
19
457
167
36
441
962
877
68
713
991
217
489
74
679
548
43
397
360
527
803
370
152
660
44
300
687
912
755
493
91
780
976
164
419
4
836
718
824
712
69
90
560
705
609
122
893
94
976
943
854
487
540
389
437
961
957
151
209
268
944
83
276
233
640
841
839
761
384
560
261
74
936
994
350
914
502
897
477
497
910
610
372
458
613
385
621
154
899
981
764
925
727
957
796
133
175
747
519
228
264
176
379
468
115
40
849
108
873
783
7
598
360
285
976
599
270
878
338
839
173
373
489
666
784
194
834
726
797
193
858
469
83
629
800
749
230
548
377
287
145
325
971
53
243
632
99
807
14
85
203
664
187
759
118
476
354
570
486
380
361
195
320
446
242
751
366
127
10
991
318
186
71
298
72
406
658
627
542
714
69
380
975
164
295
812
221
843
165
789
64
49
667
921
201
461
628
998
828
232
359
311
424
511
426
334
768
552
35
23
863
224
524
302
704
996
951
819
196
223
507
252
96
571
621
548
165
252
922
755
689
513
356
839
279
4
707
297
427
508
518
186
528
441
187
616
581
168
19
844
277
575
385
750
862
908
532
795
172
825
595
870
903
538
417
140
763
610
738
980
167
947
124
727
296
740
121
484
550
344
540
728
294
133
906
308
786
370
123
695
319
388
608
581
869
995
904
864
124
545
830
334
21
586
509
99
294
466
719
993
771
772
193
925
681
327
124
804
276
926
520
126
228
959
713
594
739
995
46
970
978
760
88
240
773
572
736
72
948
235
860
928
84
819
764
902
165
94
655
889
492
127
723
210
660
217
685
772
577
164
254
730
702
177
639
504
423
168
510
653
49
399
449
0
545
974
514
200
74
642
908
64
507
879
373
915
672
417
325
908
199
852
574
425
806
218
868
168
884
685
710
235
221
510
181
81
194
614
509
909
104
146
11
67
839
740
822
983
686
480
456
720
333
924
926
182
636
348
718
128
818
628
89
217
920
159
241
739
519
928
61
660
247
752
651
25
298
623
757
8
192
134
159
626
228
204
407
673
134
927
622
742
339
85
807
311
898
676
373
239
224
767
818
166
95
642
309
762
66
792
275
590
276
306
305
970
42
563
753
883
774
658
36
300
541
32
663
541
579
123
576
4
694
866
66
914
72
201
184
31
81
167
647
639
860
662
23
254
920
299
875
339
163
911
207
18
434
29
97
244
147
533
643
618
831
776
808
472
202
85
37
511
261
715
250
149
695
904
769
681
455
522
22
881
508
92
639
806
545
755
726
531
923
210
853
898
684
938
