116
757
269
99
564
452
793
825
432
267
575
962
154
416
569
938
734
495
722
940
36
143
540
957
934
272
659
807
279
130
434
748
437
903
460
511
969
676
118
549
29
27
147
177
541
597
87
577
176
254
305
731
968
649
122
364
809
215
243
466
519
578
431
720
579
550
500
946
135
658
960
722
367
299
121
74
915
866
573
707
434
7
195
950
617
758
482
456
349
1
793
131
101
150
615
235
403
762
692
382
557
30
7
848
895
322
969
429
67
735
57
960
268
129
922
596
798
908
954
185
818
870
389
754
826
246
50
596
336
996
91
681
139
809
707
398
388
264
379
674
966
189
869
240
461
924
997
94
504
389
172
311
738
687
791
942
829
43
632
772
288
171
667
524
426
18
644
581
879
221
719
56
988
595
471
883
357
857
147
220
831
497
135
258
882
11
511
888
191
796
321
3
963
831
139
783
138
762
466
109
656
986
877
480
148
329
625
800
790
391
550
334
818
374
674
257
589
99
973
672
399
2
213
801
626
753
907
610
330
919
957
966
566
510
117
202
102
80
690
800
613
846
597
220
377
406
687
509
681
365
889
494
278
307
700
878
724
639
355
349
539
219
661
568
178
442
991
598
683
78
858
267
709
6
664
245
597
592
205
718
6
156
348
906
364
66
775
449
803
819
315
159
637
398
259
602
155
588
964
395
595
174
921
785
748
816
39
130
670
477
20
788
973
277
956
347
832
244
492
4
428
621
835
857
439
39
493
29
114
686
482
979
950
917
734
674
658
683
531
252
731
148
828
663
478
930
770
75
962
123
45
229
890
532
411
843
97
966
709
473
230
936
210
548
730
13
755
293
160
408
90
336
789
237
389
254
208
10
527
768
211
758
152
317
802
664
523
173
476
155
313
902
704
696
493
959
634
405
40
436
462
253
189
465
491
456
527
746
108
341
945
227
211
749
903
731
271
897
100
487
312
287
851
180
992
488
425
420
692
118
707
165
331
876
980
838
430
294
434
755
681
908
962
299
465
776
216
137
191
968
284
544
980
656
161
978
341
528
784
26
112
486
941
49
791
397
600
310
302
550
366
705
152
926
497
794
350
832
613
701
482
76
668
225
265
873
149
938
255
726
329
691
512
623
830
855
660
94
95
554
210
873
179
220
304
467
613
798
186
685
909
96
321
117
61
298
358
783
854
434
799
156
499
749
609
721
222
161
240
945
35
362
898
149
562
427
178
603
896
592
932
413
288
498
676
380
253
115
92
620
612
579
989
817
720
121
838
283
870
205
627
318
434
950
55
116
33
192
374
31
609
272
420
946
766
51
770
848
718
684
938
855
127
524
705
638
631
615
964
821
284
805
942
811
222
350
705
286
946
417
211
678
0
54
891
683
191
635
620
433
143
828
777
809
935
623
777
10
320
623
470
231
650
670
96
418
78
713
815
249
251
671
801
865
765
578
761
409
243
633
265
744
199
797
897
345
636
194
600
949
323
960
170
114
678
859
258
827
433
312
994
143
966
562
818
839
48
763
317
914
202
934
234
548
240
421
457
103
662
366
52
703
928
724
824
221
914
91
852
884
329
75
954
648
705
665
419
544
977
955
488
73
412
162
382
541
601
885
26
571
581
467
341
913
103
737
65
544
37
357
93
671
861
978
886
522
454
598
23
852
128
616
145
531
817
677
54
347
66
796
579
246
721
329
165
682
264
336
933
387
254
155
990
123
269
189
318
71
956
407
372
332
293
794
497
18
961
575
618
55
635
812
501
239
83
752
473
739
580
281
875
903
911
947
270
409
313
923
187
374
859
181
162
175
481
195
928
805
685
223
233
144
756
243
47
670
425
575
779
810
897
219
980
19
647
702
758
856
665
54
837
360
875
208
954
574
146
106
765
476
195
423
316
791
629
523
882
972
876
839
619
250
280
848
207
440
470
891
998
488
981
572
19
500
548
47
492
343
961
934
136
928
533
781
538
331
366
434
845
888
165
88
17
872
10
286
461
949
684
956
557
721
365
822
126
274
486
996
847
996
815
976
419
64
569
873
668
332
831
648
114
474
82
138
788
886
581
238
286
178
729
607
795
204
906
267
189
546
433
85
580
509
810
648
91
172
9
245
889
450
801
191
574
795
21
237
308
499
707
64
97
231
341
989
866
976
138
493
881
189
429
851
578
248
732
182
507
13
387
480
18
878
802
669
987
298
205
440
138
7
10
939
718
597
856
822
639
773
46
202
50
618
114
566
450
511
116
1
960
194
609
593
822
663
44
884
753
671
922
237
